g_min: -224.6327667236328
g_max: 200.37973022460938
num_bits: 12 
