q2_min: -1.1116236448287964
q2_max: 1.264115571975708
num_bits: 12 
