r_min: -208.69680786132812
r_max: 198.00486755371094
num_bits: 12 
