y_min: -13.93887996673584
y_max: 0.6909446716308594
num_bits: 12 
