z_min: -7.1574015617370605
z_max: 61.398014068603516
num_bits: 12 
