alpha_min: -6.51685094833374
alpha_max: 18.386594772338867
num_bits: 8 
