b_min: -223.03958129882812
b_max: 199.7393798828125
num_bits: 8 
