q0_min: -1.0203940868377686
q0_max: 1.5317338705062866
num_bits: 8 
