q1_min: -1.1411198377609253
q1_max: 1.1796233654022217
num_bits: 8 
