s0_min: -8.167597770690918
s0_max: -0.4423215091228485
num_bits: 8 
