s1_min: -8.157392501831055
s1_max: -0.6772361397743225
num_bits: 8 
