s2_min: -8.0353422164917
s2_max: -0.4149474501609802
num_bits: 8 
