x_min: -23.555538177490234
x_max: 3.0797431468963623
num_bits: 8 
